{
  "nbformat": 4,
  "nbformat_minor": 0,
  "metadata": {
    "colab": {
      "name": "Prophet_blackcoal.ipynb",
      "provenance": [],
      "toc_visible": true,
      "authorship_tag": "ABX9TyNe9g/zebTHOGTYEdaK1JVJ",
      "include_colab_link": true
    },
    "kernelspec": {
      "name": "python3",
      "display_name": "Python 3"
    },
    "language_info": {
      "name": "python"
    }
  },
  "cells": [
    {
      "cell_type": "markdown",
      "metadata": {
        "id": "view-in-github",
        "colab_type": "text"
      },
      "source": [
        "<a href=\"https://colab.research.google.com/github/sungjindo/black_coal_price/blob/main/Prophet_blackcoal.ipynb\" target=\"_parent\"><img src=\"https://colab.research.google.com/assets/colab-badge.svg\" alt=\"Open In Colab\"/></a>"
      ]
    },
    {
      "cell_type": "markdown",
      "source": [
        "# 1.모듈 불러오기\n",
        "\n",
        "\n",
        "\n"
      ],
      "metadata": {
        "id": "OxbrXEoDiur_"
      }
    },
    {
      "cell_type": "code",
      "execution_count": 2,
      "metadata": {
        "colab": {
          "base_uri": "https://localhost:8080/",
          "height": 17
        },
        "id": "0kGQ1iG7iUDH",
        "outputId": "f04977ee-0602-4a4f-cd8c-a33737e874a6"
      },
      "outputs": [
        {
          "output_type": "display_data",
          "data": {
            "text/html": [
              "        <script type=\"text/javascript\">\n",
              "        window.PlotlyConfig = {MathJaxConfig: 'local'};\n",
              "        if (window.MathJax) {MathJax.Hub.Config({SVG: {font: \"STIX-Web\"}});}\n",
              "        if (typeof require !== 'undefined') {\n",
              "        require.undef(\"plotly\");\n",
              "        requirejs.config({\n",
              "            paths: {\n",
              "                'plotly': ['https://cdn.plot.ly/plotly-2.8.3.min']\n",
              "            }\n",
              "        });\n",
              "        require(['plotly'], function(Plotly) {\n",
              "            window._Plotly = Plotly;\n",
              "        });\n",
              "        }\n",
              "        </script>\n",
              "        "
            ]
          },
          "metadata": {}
        }
      ],
      "source": [
        "# 기본 라이브러리\n",
        "import pandas as pd\n",
        "import numpy as np\n",
        "import os\n",
        "\n",
        "# 시각화 라이브러리\n",
        "import matplotlib.pyplot as plt\n",
        "import seaborn as sns\n",
        "plt.style.use('seaborn-whitegrid')\n",
        "from plotly.offline import init_notebook_mode, iplot #plotly offline mode \n",
        "init_notebook_mode(connected = True)\n",
        "import plotly.graph_objs as go #plotly graphical object\n",
        "%matplotlib notebook\n",
        "%matplotlib inline\n",
        "\n",
        "# 통계 및 기계학습 관련 라이브러리\n",
        "from scipy import stats    # 통계 관련 라이브러리\n",
        "from sklearn.model_selection import train_test_split, RandomizedSearchCV    # 데이터 셋 분류 라이브러리\n",
        "from sklearn.utils import resample    # 데이터 업샘플링&다운샘플링 라이브러리\n",
        "from imblearn.over_sampling import RandomOverSampler\n",
        "from imblearn.combine import SMOTEENN    # 복합샘플링 라이브러리\n",
        "from sklearn.preprocessing import StandardScaler, MinMaxScaler, RobustScaler    # 데이터 스케일링 라이브러리\n",
        "from statsmodels.stats.outliers_influence import variance_inflation_factor    # 변수 간 다중공선성 확인(VIF) 라이브러리\n",
        "from sklearn.metrics import (accuracy_score, confusion_matrix, classification_report, roc_auc_score, roc_curve, auc, plot_confusion_matrix, plot_roc_curve)    # 모델 정확도 검증 라이브러리\n",
        "from sklearn.model_selection import cross_val_score, train_test_split   # validation  검증 라이브러리\n",
        "\n",
        "import matplotlib.pyplot as plt\n",
        "import matplotlib\n",
        "plt.style.use('seaborn-whitegrid')\n",
        "import statsmodels.api as sm    # 통계분석 관련 라이브러리\n",
        "from statsmodels.graphics.tsaplots import plot_acf, plot_pacf\n",
        "\n",
        "\n",
        "\n",
        "import warnings    # 경고문구 지우기\n",
        "warnings.filterwarnings(\"ignore\")\n",
        "\n"
      ]
    },
    {
      "cell_type": "code",
      "source": [
        "!pip3 install fbprophet"
      ],
      "metadata": {
        "colab": {
          "base_uri": "https://localhost:8080/"
        },
        "id": "9Veo6kLfjR_M",
        "outputId": "b51d5fe5-9d31-4f71-b1e8-a9f27768417b"
      },
      "execution_count": 10,
      "outputs": [
        {
          "output_type": "stream",
          "name": "stdout",
          "text": [
            "Looking in indexes: https://pypi.org/simple, https://us-python.pkg.dev/colab-wheels/public/simple/\n",
            "Requirement already satisfied: fbprophet in /usr/local/lib/python3.7/dist-packages (0.7.1)\n",
            "Requirement already satisfied: Cython>=0.22 in /usr/local/lib/python3.7/dist-packages (from fbprophet) (0.29.30)\n",
            "Requirement already satisfied: cmdstanpy==0.9.5 in /usr/local/lib/python3.7/dist-packages (from fbprophet) (0.9.5)\n",
            "Requirement already satisfied: pystan>=2.14 in /usr/local/lib/python3.7/dist-packages (from fbprophet) (2.19.1.1)\n",
            "Requirement already satisfied: numpy>=1.15.4 in /usr/local/lib/python3.7/dist-packages (from fbprophet) (1.21.6)\n",
            "Requirement already satisfied: pandas>=1.0.4 in /usr/local/lib/python3.7/dist-packages (from fbprophet) (1.3.5)\n",
            "Requirement already satisfied: matplotlib>=2.0.0 in /usr/local/lib/python3.7/dist-packages (from fbprophet) (3.2.2)\n",
            "Requirement already satisfied: LunarCalendar>=0.0.9 in /usr/local/lib/python3.7/dist-packages (from fbprophet) (0.0.9)\n",
            "Requirement already satisfied: convertdate>=2.1.2 in /usr/local/lib/python3.7/dist-packages (from fbprophet) (2.4.0)\n",
            "Requirement already satisfied: holidays>=0.10.2 in /usr/local/lib/python3.7/dist-packages (from fbprophet) (0.10.5.2)\n",
            "Requirement already satisfied: setuptools-git>=1.2 in /usr/local/lib/python3.7/dist-packages (from fbprophet) (1.2)\n",
            "Requirement already satisfied: python-dateutil>=2.8.0 in /usr/local/lib/python3.7/dist-packages (from fbprophet) (2.8.2)\n",
            "Requirement already satisfied: tqdm>=4.36.1 in /usr/local/lib/python3.7/dist-packages (from fbprophet) (4.64.0)\n",
            "Requirement already satisfied: pymeeus<=1,>=0.3.13 in /usr/local/lib/python3.7/dist-packages (from convertdate>=2.1.2->fbprophet) (0.5.11)\n",
            "Requirement already satisfied: six in /usr/local/lib/python3.7/dist-packages (from holidays>=0.10.2->fbprophet) (1.15.0)\n",
            "Requirement already satisfied: hijri-converter in /usr/local/lib/python3.7/dist-packages (from holidays>=0.10.2->fbprophet) (2.2.4)\n",
            "Requirement already satisfied: korean-lunar-calendar in /usr/local/lib/python3.7/dist-packages (from holidays>=0.10.2->fbprophet) (0.2.1)\n",
            "Requirement already satisfied: pytz in /usr/local/lib/python3.7/dist-packages (from LunarCalendar>=0.0.9->fbprophet) (2022.1)\n",
            "Requirement already satisfied: ephem>=3.7.5.3 in /usr/local/lib/python3.7/dist-packages (from LunarCalendar>=0.0.9->fbprophet) (4.1.3)\n",
            "Requirement already satisfied: kiwisolver>=1.0.1 in /usr/local/lib/python3.7/dist-packages (from matplotlib>=2.0.0->fbprophet) (1.4.2)\n",
            "Requirement already satisfied: pyparsing!=2.0.4,!=2.1.2,!=2.1.6,>=2.0.1 in /usr/local/lib/python3.7/dist-packages (from matplotlib>=2.0.0->fbprophet) (3.0.9)\n",
            "Requirement already satisfied: cycler>=0.10 in /usr/local/lib/python3.7/dist-packages (from matplotlib>=2.0.0->fbprophet) (0.11.0)\n",
            "Requirement already satisfied: typing-extensions in /usr/local/lib/python3.7/dist-packages (from kiwisolver>=1.0.1->matplotlib>=2.0.0->fbprophet) (4.2.0)\n"
          ]
        }
      ]
    },
    {
      "cell_type": "code",
      "source": [
        "from fbprophet import Prophet"
      ],
      "metadata": {
        "id": "rtUWdEGXjqPP"
      },
      "execution_count": 22,
      "outputs": []
    },
    {
      "cell_type": "code",
      "source": [
        "from google.colab import drive\n",
        "drive.mount('/content/gdrive')"
      ],
      "metadata": {
        "colab": {
          "base_uri": "https://localhost:8080/"
        },
        "id": "KytNmwJNiaTX",
        "outputId": "fdf2892b-d5ad-4224-c208-c38fa8e71236"
      },
      "execution_count": 3,
      "outputs": [
        {
          "output_type": "stream",
          "name": "stdout",
          "text": [
            "Mounted at /content/gdrive\n"
          ]
        }
      ]
    },
    {
      "cell_type": "markdown",
      "source": [
        "# 2. data\n"
      ],
      "metadata": {
        "id": "xh2ILYI-i9BH"
      }
    },
    {
      "cell_type": "code",
      "source": [
        "df = pd.read_csv(\"/content/gdrive/My Drive/Black_coal/data/dataset/df_final.csv\", encoding = 'utf-8-sig')\n",
        "df"
      ],
      "metadata": {
        "colab": {
          "base_uri": "https://localhost:8080/",
          "height": 661
        },
        "id": "zPi2_wC-ijyh",
        "outputId": "a29386e5-d3af-485b-9d46-6f23f5dc72cc"
      },
      "execution_count": 28,
      "outputs": [
        {
          "output_type": "execute_result",
          "data": {
            "text/plain": [
              "           date  Coal_price    iron  Brent_fut  copper_fut  WTI_fut    WTI  \\\n",
              "0    2019-12-29       67.50   93.41      68.60      6129.5    63.05  63.10   \n",
              "1    2019-12-22       66.55   91.55      68.16      6214.0    61.72  61.74   \n",
              "2    2019-12-15       66.35   91.74      66.14      6175.0    60.44  60.44   \n",
              "3    2019-12-08       66.30   92.27      65.22      6130.0    60.07  59.78   \n",
              "4    2019-12-01       66.40   88.56      64.39      5990.0    59.20  59.11   \n",
              "..          ...         ...     ...        ...         ...      ...    ...   \n",
              "465  2011-01-30      127.00  183.50      99.83     10067.0    89.03  89.13   \n",
              "466  2011-01-23      130.35  179.50      99.42      9548.5    89.34  89.49   \n",
              "467  2011-01-16      131.90  178.00      97.60      9462.5    89.11  89.13   \n",
              "468  2011-01-09      136.00  179.50      98.68      9662.0    91.54  91.66   \n",
              "469  2011-01-02      136.35  173.50      93.33      9436.0    88.03  88.48   \n",
              "\n",
              "     LNG_fut  KPPI     ACPI  ...         호주지수         캐나다지수        베트남GDP  \\\n",
              "0      33.07   0.7  256.974  ...  6821.700195  17168.199219  2.619212e+11   \n",
              "1      33.13   0.7  256.974  ...  6816.299805  17118.400391  2.619212e+11   \n",
              "2      37.12   0.7  256.974  ...  6739.700195  17003.099609  2.619212e+11   \n",
              "3      35.17   0.7  256.974  ...  6707.000000  16997.000000  2.619212e+11   \n",
              "4      39.05   0.7  256.974  ...  6846.000000  17040.199219  2.619212e+11   \n",
              "..       ...   ...      ...  ...          ...           ...           ...   \n",
              "465    54.84   6.8  220.223  ...  4774.899902  13437.599609  1.355394e+11   \n",
              "466    53.73   6.8  220.223  ...  4755.700195  13258.599609  1.355394e+11   \n",
              "467    55.12   6.8  220.223  ...  4801.500000  13464.099609  1.355394e+11   \n",
              "468    55.31   6.8  220.223  ...  4705.000000  13272.299805  1.355394e+11   \n",
              "469    56.16   6.8  220.223  ...  4745.200195  13443.200195  1.355394e+11   \n",
              "\n",
              "            인도GDP         한국GDP         일본GDP         중국GDP         미국GDP  \\\n",
              "0    2.870504e+12  1.651423e+12  5.148782e+12  1.427994e+13  2.143322e+13   \n",
              "1    2.870504e+12  1.651423e+12  5.148782e+12  1.427994e+13  2.143322e+13   \n",
              "2    2.870504e+12  1.651423e+12  5.148782e+12  1.427994e+13  2.143322e+13   \n",
              "3    2.870504e+12  1.651423e+12  5.148782e+12  1.427994e+13  2.143322e+13   \n",
              "4    2.870504e+12  1.651423e+12  5.148782e+12  1.427994e+13  2.143322e+13   \n",
              "..            ...           ...           ...           ...           ...   \n",
              "465  1.823050e+12  1.253223e+12  6.233147e+12  7.551500e+12  1.554258e+13   \n",
              "466  1.823050e+12  1.253223e+12  6.233147e+12  7.551500e+12  1.554258e+13   \n",
              "467  1.823050e+12  1.253223e+12  6.233147e+12  7.551500e+12  1.554258e+13   \n",
              "468  1.823050e+12  1.253223e+12  6.233147e+12  7.551500e+12  1.554258e+13   \n",
              "469  1.823050e+12  1.253223e+12  6.233147e+12  7.551500e+12  1.554258e+13   \n",
              "\n",
              "            EUGDP         세계GDP  \n",
              "0    1.568936e+13  8.756805e+13  \n",
              "1    1.568936e+13  8.756805e+13  \n",
              "2    1.568936e+13  8.756805e+13  \n",
              "3    1.568936e+13  8.756805e+13  \n",
              "4    1.568936e+13  8.756805e+13  \n",
              "..            ...           ...  \n",
              "465  1.575949e+13  7.367146e+13  \n",
              "466  1.575949e+13  7.367146e+13  \n",
              "467  1.575949e+13  7.367146e+13  \n",
              "468  1.575949e+13  7.367146e+13  \n",
              "469  1.575949e+13  7.367146e+13  \n",
              "\n",
              "[470 rows x 76 columns]"
            ],
            "text/html": [
              "\n",
              "  <div id=\"df-b33c4c36-2301-4794-86cd-f039da6f0385\">\n",
              "    <div class=\"colab-df-container\">\n",
              "      <div>\n",
              "<style scoped>\n",
              "    .dataframe tbody tr th:only-of-type {\n",
              "        vertical-align: middle;\n",
              "    }\n",
              "\n",
              "    .dataframe tbody tr th {\n",
              "        vertical-align: top;\n",
              "    }\n",
              "\n",
              "    .dataframe thead th {\n",
              "        text-align: right;\n",
              "    }\n",
              "</style>\n",
              "<table border=\"1\" class=\"dataframe\">\n",
              "  <thead>\n",
              "    <tr style=\"text-align: right;\">\n",
              "      <th></th>\n",
              "      <th>date</th>\n",
              "      <th>Coal_price</th>\n",
              "      <th>iron</th>\n",
              "      <th>Brent_fut</th>\n",
              "      <th>copper_fut</th>\n",
              "      <th>WTI_fut</th>\n",
              "      <th>WTI</th>\n",
              "      <th>LNG_fut</th>\n",
              "      <th>KPPI</th>\n",
              "      <th>ACPI</th>\n",
              "      <th>...</th>\n",
              "      <th>호주지수</th>\n",
              "      <th>캐나다지수</th>\n",
              "      <th>베트남GDP</th>\n",
              "      <th>인도GDP</th>\n",
              "      <th>한국GDP</th>\n",
              "      <th>일본GDP</th>\n",
              "      <th>중국GDP</th>\n",
              "      <th>미국GDP</th>\n",
              "      <th>EUGDP</th>\n",
              "      <th>세계GDP</th>\n",
              "    </tr>\n",
              "  </thead>\n",
              "  <tbody>\n",
              "    <tr>\n",
              "      <th>0</th>\n",
              "      <td>2019-12-29</td>\n",
              "      <td>67.50</td>\n",
              "      <td>93.41</td>\n",
              "      <td>68.60</td>\n",
              "      <td>6129.5</td>\n",
              "      <td>63.05</td>\n",
              "      <td>63.10</td>\n",
              "      <td>33.07</td>\n",
              "      <td>0.7</td>\n",
              "      <td>256.974</td>\n",
              "      <td>...</td>\n",
              "      <td>6821.700195</td>\n",
              "      <td>17168.199219</td>\n",
              "      <td>2.619212e+11</td>\n",
              "      <td>2.870504e+12</td>\n",
              "      <td>1.651423e+12</td>\n",
              "      <td>5.148782e+12</td>\n",
              "      <td>1.427994e+13</td>\n",
              "      <td>2.143322e+13</td>\n",
              "      <td>1.568936e+13</td>\n",
              "      <td>8.756805e+13</td>\n",
              "    </tr>\n",
              "    <tr>\n",
              "      <th>1</th>\n",
              "      <td>2019-12-22</td>\n",
              "      <td>66.55</td>\n",
              "      <td>91.55</td>\n",
              "      <td>68.16</td>\n",
              "      <td>6214.0</td>\n",
              "      <td>61.72</td>\n",
              "      <td>61.74</td>\n",
              "      <td>33.13</td>\n",
              "      <td>0.7</td>\n",
              "      <td>256.974</td>\n",
              "      <td>...</td>\n",
              "      <td>6816.299805</td>\n",
              "      <td>17118.400391</td>\n",
              "      <td>2.619212e+11</td>\n",
              "      <td>2.870504e+12</td>\n",
              "      <td>1.651423e+12</td>\n",
              "      <td>5.148782e+12</td>\n",
              "      <td>1.427994e+13</td>\n",
              "      <td>2.143322e+13</td>\n",
              "      <td>1.568936e+13</td>\n",
              "      <td>8.756805e+13</td>\n",
              "    </tr>\n",
              "    <tr>\n",
              "      <th>2</th>\n",
              "      <td>2019-12-15</td>\n",
              "      <td>66.35</td>\n",
              "      <td>91.74</td>\n",
              "      <td>66.14</td>\n",
              "      <td>6175.0</td>\n",
              "      <td>60.44</td>\n",
              "      <td>60.44</td>\n",
              "      <td>37.12</td>\n",
              "      <td>0.7</td>\n",
              "      <td>256.974</td>\n",
              "      <td>...</td>\n",
              "      <td>6739.700195</td>\n",
              "      <td>17003.099609</td>\n",
              "      <td>2.619212e+11</td>\n",
              "      <td>2.870504e+12</td>\n",
              "      <td>1.651423e+12</td>\n",
              "      <td>5.148782e+12</td>\n",
              "      <td>1.427994e+13</td>\n",
              "      <td>2.143322e+13</td>\n",
              "      <td>1.568936e+13</td>\n",
              "      <td>8.756805e+13</td>\n",
              "    </tr>\n",
              "    <tr>\n",
              "      <th>3</th>\n",
              "      <td>2019-12-08</td>\n",
              "      <td>66.30</td>\n",
              "      <td>92.27</td>\n",
              "      <td>65.22</td>\n",
              "      <td>6130.0</td>\n",
              "      <td>60.07</td>\n",
              "      <td>59.78</td>\n",
              "      <td>35.17</td>\n",
              "      <td>0.7</td>\n",
              "      <td>256.974</td>\n",
              "      <td>...</td>\n",
              "      <td>6707.000000</td>\n",
              "      <td>16997.000000</td>\n",
              "      <td>2.619212e+11</td>\n",
              "      <td>2.870504e+12</td>\n",
              "      <td>1.651423e+12</td>\n",
              "      <td>5.148782e+12</td>\n",
              "      <td>1.427994e+13</td>\n",
              "      <td>2.143322e+13</td>\n",
              "      <td>1.568936e+13</td>\n",
              "      <td>8.756805e+13</td>\n",
              "    </tr>\n",
              "    <tr>\n",
              "      <th>4</th>\n",
              "      <td>2019-12-01</td>\n",
              "      <td>66.40</td>\n",
              "      <td>88.56</td>\n",
              "      <td>64.39</td>\n",
              "      <td>5990.0</td>\n",
              "      <td>59.20</td>\n",
              "      <td>59.11</td>\n",
              "      <td>39.05</td>\n",
              "      <td>0.7</td>\n",
              "      <td>256.974</td>\n",
              "      <td>...</td>\n",
              "      <td>6846.000000</td>\n",
              "      <td>17040.199219</td>\n",
              "      <td>2.619212e+11</td>\n",
              "      <td>2.870504e+12</td>\n",
              "      <td>1.651423e+12</td>\n",
              "      <td>5.148782e+12</td>\n",
              "      <td>1.427994e+13</td>\n",
              "      <td>2.143322e+13</td>\n",
              "      <td>1.568936e+13</td>\n",
              "      <td>8.756805e+13</td>\n",
              "    </tr>\n",
              "    <tr>\n",
              "      <th>...</th>\n",
              "      <td>...</td>\n",
              "      <td>...</td>\n",
              "      <td>...</td>\n",
              "      <td>...</td>\n",
              "      <td>...</td>\n",
              "      <td>...</td>\n",
              "      <td>...</td>\n",
              "      <td>...</td>\n",
              "      <td>...</td>\n",
              "      <td>...</td>\n",
              "      <td>...</td>\n",
              "      <td>...</td>\n",
              "      <td>...</td>\n",
              "      <td>...</td>\n",
              "      <td>...</td>\n",
              "      <td>...</td>\n",
              "      <td>...</td>\n",
              "      <td>...</td>\n",
              "      <td>...</td>\n",
              "      <td>...</td>\n",
              "      <td>...</td>\n",
              "    </tr>\n",
              "    <tr>\n",
              "      <th>465</th>\n",
              "      <td>2011-01-30</td>\n",
              "      <td>127.00</td>\n",
              "      <td>183.50</td>\n",
              "      <td>99.83</td>\n",
              "      <td>10067.0</td>\n",
              "      <td>89.03</td>\n",
              "      <td>89.13</td>\n",
              "      <td>54.84</td>\n",
              "      <td>6.8</td>\n",
              "      <td>220.223</td>\n",
              "      <td>...</td>\n",
              "      <td>4774.899902</td>\n",
              "      <td>13437.599609</td>\n",
              "      <td>1.355394e+11</td>\n",
              "      <td>1.823050e+12</td>\n",
              "      <td>1.253223e+12</td>\n",
              "      <td>6.233147e+12</td>\n",
              "      <td>7.551500e+12</td>\n",
              "      <td>1.554258e+13</td>\n",
              "      <td>1.575949e+13</td>\n",
              "      <td>7.367146e+13</td>\n",
              "    </tr>\n",
              "    <tr>\n",
              "      <th>466</th>\n",
              "      <td>2011-01-23</td>\n",
              "      <td>130.35</td>\n",
              "      <td>179.50</td>\n",
              "      <td>99.42</td>\n",
              "      <td>9548.5</td>\n",
              "      <td>89.34</td>\n",
              "      <td>89.49</td>\n",
              "      <td>53.73</td>\n",
              "      <td>6.8</td>\n",
              "      <td>220.223</td>\n",
              "      <td>...</td>\n",
              "      <td>4755.700195</td>\n",
              "      <td>13258.599609</td>\n",
              "      <td>1.355394e+11</td>\n",
              "      <td>1.823050e+12</td>\n",
              "      <td>1.253223e+12</td>\n",
              "      <td>6.233147e+12</td>\n",
              "      <td>7.551500e+12</td>\n",
              "      <td>1.554258e+13</td>\n",
              "      <td>1.575949e+13</td>\n",
              "      <td>7.367146e+13</td>\n",
              "    </tr>\n",
              "    <tr>\n",
              "      <th>467</th>\n",
              "      <td>2011-01-16</td>\n",
              "      <td>131.90</td>\n",
              "      <td>178.00</td>\n",
              "      <td>97.60</td>\n",
              "      <td>9462.5</td>\n",
              "      <td>89.11</td>\n",
              "      <td>89.13</td>\n",
              "      <td>55.12</td>\n",
              "      <td>6.8</td>\n",
              "      <td>220.223</td>\n",
              "      <td>...</td>\n",
              "      <td>4801.500000</td>\n",
              "      <td>13464.099609</td>\n",
              "      <td>1.355394e+11</td>\n",
              "      <td>1.823050e+12</td>\n",
              "      <td>1.253223e+12</td>\n",
              "      <td>6.233147e+12</td>\n",
              "      <td>7.551500e+12</td>\n",
              "      <td>1.554258e+13</td>\n",
              "      <td>1.575949e+13</td>\n",
              "      <td>7.367146e+13</td>\n",
              "    </tr>\n",
              "    <tr>\n",
              "      <th>468</th>\n",
              "      <td>2011-01-09</td>\n",
              "      <td>136.00</td>\n",
              "      <td>179.50</td>\n",
              "      <td>98.68</td>\n",
              "      <td>9662.0</td>\n",
              "      <td>91.54</td>\n",
              "      <td>91.66</td>\n",
              "      <td>55.31</td>\n",
              "      <td>6.8</td>\n",
              "      <td>220.223</td>\n",
              "      <td>...</td>\n",
              "      <td>4705.000000</td>\n",
              "      <td>13272.299805</td>\n",
              "      <td>1.355394e+11</td>\n",
              "      <td>1.823050e+12</td>\n",
              "      <td>1.253223e+12</td>\n",
              "      <td>6.233147e+12</td>\n",
              "      <td>7.551500e+12</td>\n",
              "      <td>1.554258e+13</td>\n",
              "      <td>1.575949e+13</td>\n",
              "      <td>7.367146e+13</td>\n",
              "    </tr>\n",
              "    <tr>\n",
              "      <th>469</th>\n",
              "      <td>2011-01-02</td>\n",
              "      <td>136.35</td>\n",
              "      <td>173.50</td>\n",
              "      <td>93.33</td>\n",
              "      <td>9436.0</td>\n",
              "      <td>88.03</td>\n",
              "      <td>88.48</td>\n",
              "      <td>56.16</td>\n",
              "      <td>6.8</td>\n",
              "      <td>220.223</td>\n",
              "      <td>...</td>\n",
              "      <td>4745.200195</td>\n",
              "      <td>13443.200195</td>\n",
              "      <td>1.355394e+11</td>\n",
              "      <td>1.823050e+12</td>\n",
              "      <td>1.253223e+12</td>\n",
              "      <td>6.233147e+12</td>\n",
              "      <td>7.551500e+12</td>\n",
              "      <td>1.554258e+13</td>\n",
              "      <td>1.575949e+13</td>\n",
              "      <td>7.367146e+13</td>\n",
              "    </tr>\n",
              "  </tbody>\n",
              "</table>\n",
              "<p>470 rows × 76 columns</p>\n",
              "</div>\n",
              "      <button class=\"colab-df-convert\" onclick=\"convertToInteractive('df-b33c4c36-2301-4794-86cd-f039da6f0385')\"\n",
              "              title=\"Convert this dataframe to an interactive table.\"\n",
              "              style=\"display:none;\">\n",
              "        \n",
              "  <svg xmlns=\"http://www.w3.org/2000/svg\" height=\"24px\"viewBox=\"0 0 24 24\"\n",
              "       width=\"24px\">\n",
              "    <path d=\"M0 0h24v24H0V0z\" fill=\"none\"/>\n",
              "    <path d=\"M18.56 5.44l.94 2.06.94-2.06 2.06-.94-2.06-.94-.94-2.06-.94 2.06-2.06.94zm-11 1L8.5 8.5l.94-2.06 2.06-.94-2.06-.94L8.5 2.5l-.94 2.06-2.06.94zm10 10l.94 2.06.94-2.06 2.06-.94-2.06-.94-.94-2.06-.94 2.06-2.06.94z\"/><path d=\"M17.41 7.96l-1.37-1.37c-.4-.4-.92-.59-1.43-.59-.52 0-1.04.2-1.43.59L10.3 9.45l-7.72 7.72c-.78.78-.78 2.05 0 2.83L4 21.41c.39.39.9.59 1.41.59.51 0 1.02-.2 1.41-.59l7.78-7.78 2.81-2.81c.8-.78.8-2.07 0-2.86zM5.41 20L4 18.59l7.72-7.72 1.47 1.35L5.41 20z\"/>\n",
              "  </svg>\n",
              "      </button>\n",
              "      \n",
              "  <style>\n",
              "    .colab-df-container {\n",
              "      display:flex;\n",
              "      flex-wrap:wrap;\n",
              "      gap: 12px;\n",
              "    }\n",
              "\n",
              "    .colab-df-convert {\n",
              "      background-color: #E8F0FE;\n",
              "      border: none;\n",
              "      border-radius: 50%;\n",
              "      cursor: pointer;\n",
              "      display: none;\n",
              "      fill: #1967D2;\n",
              "      height: 32px;\n",
              "      padding: 0 0 0 0;\n",
              "      width: 32px;\n",
              "    }\n",
              "\n",
              "    .colab-df-convert:hover {\n",
              "      background-color: #E2EBFA;\n",
              "      box-shadow: 0px 1px 2px rgba(60, 64, 67, 0.3), 0px 1px 3px 1px rgba(60, 64, 67, 0.15);\n",
              "      fill: #174EA6;\n",
              "    }\n",
              "\n",
              "    [theme=dark] .colab-df-convert {\n",
              "      background-color: #3B4455;\n",
              "      fill: #D2E3FC;\n",
              "    }\n",
              "\n",
              "    [theme=dark] .colab-df-convert:hover {\n",
              "      background-color: #434B5C;\n",
              "      box-shadow: 0px 1px 3px 1px rgba(0, 0, 0, 0.15);\n",
              "      filter: drop-shadow(0px 1px 2px rgba(0, 0, 0, 0.3));\n",
              "      fill: #FFFFFF;\n",
              "    }\n",
              "  </style>\n",
              "\n",
              "      <script>\n",
              "        const buttonEl =\n",
              "          document.querySelector('#df-b33c4c36-2301-4794-86cd-f039da6f0385 button.colab-df-convert');\n",
              "        buttonEl.style.display =\n",
              "          google.colab.kernel.accessAllowed ? 'block' : 'none';\n",
              "\n",
              "        async function convertToInteractive(key) {\n",
              "          const element = document.querySelector('#df-b33c4c36-2301-4794-86cd-f039da6f0385');\n",
              "          const dataTable =\n",
              "            await google.colab.kernel.invokeFunction('convertToInteractive',\n",
              "                                                     [key], {});\n",
              "          if (!dataTable) return;\n",
              "\n",
              "          const docLinkHtml = 'Like what you see? Visit the ' +\n",
              "            '<a target=\"_blank\" href=https://colab.research.google.com/notebooks/data_table.ipynb>data table notebook</a>'\n",
              "            + ' to learn more about interactive tables.';\n",
              "          element.innerHTML = '';\n",
              "          dataTable['output_type'] = 'display_data';\n",
              "          await google.colab.output.renderOutput(dataTable, element);\n",
              "          const docLink = document.createElement('div');\n",
              "          docLink.innerHTML = docLinkHtml;\n",
              "          element.appendChild(docLink);\n",
              "        }\n",
              "      </script>\n",
              "    </div>\n",
              "  </div>\n",
              "  "
            ]
          },
          "metadata": {},
          "execution_count": 28
        }
      ]
    },
    {
      "cell_type": "code",
      "source": [
        "df = df.sort_values('date')\n",
        "df"
      ],
      "metadata": {
        "colab": {
          "base_uri": "https://localhost:8080/",
          "height": 661
        },
        "id": "v0nmtT2Eio9Q",
        "outputId": "95c00572-fc4c-48fa-d88d-b8821b9aaf57"
      },
      "execution_count": 29,
      "outputs": [
        {
          "output_type": "execute_result",
          "data": {
            "text/plain": [
              "           date  Coal_price    iron  Brent_fut  copper_fut  WTI_fut    WTI  \\\n",
              "469  2011-01-02      136.35  173.50      93.33      9436.0    88.03  88.48   \n",
              "468  2011-01-09      136.00  179.50      98.68      9662.0    91.54  91.66   \n",
              "467  2011-01-16      131.90  178.00      97.60      9462.5    89.11  89.13   \n",
              "466  2011-01-23      130.35  179.50      99.42      9548.5    89.34  89.49   \n",
              "465  2011-01-30      127.00  183.50      99.83     10067.0    89.03  89.13   \n",
              "..          ...         ...     ...        ...         ...      ...    ...   \n",
              "4    2019-12-01       66.40   88.56      64.39      5990.0    59.20  59.11   \n",
              "3    2019-12-08       66.30   92.27      65.22      6130.0    60.07  59.78   \n",
              "2    2019-12-15       66.35   91.74      66.14      6175.0    60.44  60.44   \n",
              "1    2019-12-22       66.55   91.55      68.16      6214.0    61.72  61.74   \n",
              "0    2019-12-29       67.50   93.41      68.60      6129.5    63.05  63.10   \n",
              "\n",
              "     LNG_fut  KPPI     ACPI  ...         호주지수         캐나다지수        베트남GDP  \\\n",
              "469    56.16   6.8  220.223  ...  4745.200195  13443.200195  1.355394e+11   \n",
              "468    55.31   6.8  220.223  ...  4705.000000  13272.299805  1.355394e+11   \n",
              "467    55.12   6.8  220.223  ...  4801.500000  13464.099609  1.355394e+11   \n",
              "466    53.73   6.8  220.223  ...  4755.700195  13258.599609  1.355394e+11   \n",
              "465    54.84   6.8  220.223  ...  4774.899902  13437.599609  1.355394e+11   \n",
              "..       ...   ...      ...  ...          ...           ...           ...   \n",
              "4      39.05   0.7  256.974  ...  6846.000000  17040.199219  2.619212e+11   \n",
              "3      35.17   0.7  256.974  ...  6707.000000  16997.000000  2.619212e+11   \n",
              "2      37.12   0.7  256.974  ...  6739.700195  17003.099609  2.619212e+11   \n",
              "1      33.13   0.7  256.974  ...  6816.299805  17118.400391  2.619212e+11   \n",
              "0      33.07   0.7  256.974  ...  6821.700195  17168.199219  2.619212e+11   \n",
              "\n",
              "            인도GDP         한국GDP         일본GDP         중국GDP         미국GDP  \\\n",
              "469  1.823050e+12  1.253223e+12  6.233147e+12  7.551500e+12  1.554258e+13   \n",
              "468  1.823050e+12  1.253223e+12  6.233147e+12  7.551500e+12  1.554258e+13   \n",
              "467  1.823050e+12  1.253223e+12  6.233147e+12  7.551500e+12  1.554258e+13   \n",
              "466  1.823050e+12  1.253223e+12  6.233147e+12  7.551500e+12  1.554258e+13   \n",
              "465  1.823050e+12  1.253223e+12  6.233147e+12  7.551500e+12  1.554258e+13   \n",
              "..            ...           ...           ...           ...           ...   \n",
              "4    2.870504e+12  1.651423e+12  5.148782e+12  1.427994e+13  2.143322e+13   \n",
              "3    2.870504e+12  1.651423e+12  5.148782e+12  1.427994e+13  2.143322e+13   \n",
              "2    2.870504e+12  1.651423e+12  5.148782e+12  1.427994e+13  2.143322e+13   \n",
              "1    2.870504e+12  1.651423e+12  5.148782e+12  1.427994e+13  2.143322e+13   \n",
              "0    2.870504e+12  1.651423e+12  5.148782e+12  1.427994e+13  2.143322e+13   \n",
              "\n",
              "            EUGDP         세계GDP  \n",
              "469  1.575949e+13  7.367146e+13  \n",
              "468  1.575949e+13  7.367146e+13  \n",
              "467  1.575949e+13  7.367146e+13  \n",
              "466  1.575949e+13  7.367146e+13  \n",
              "465  1.575949e+13  7.367146e+13  \n",
              "..            ...           ...  \n",
              "4    1.568936e+13  8.756805e+13  \n",
              "3    1.568936e+13  8.756805e+13  \n",
              "2    1.568936e+13  8.756805e+13  \n",
              "1    1.568936e+13  8.756805e+13  \n",
              "0    1.568936e+13  8.756805e+13  \n",
              "\n",
              "[470 rows x 76 columns]"
            ],
            "text/html": [
              "\n",
              "  <div id=\"df-d6fdfb5c-e60e-473f-87ed-f554ad42f9b3\">\n",
              "    <div class=\"colab-df-container\">\n",
              "      <div>\n",
              "<style scoped>\n",
              "    .dataframe tbody tr th:only-of-type {\n",
              "        vertical-align: middle;\n",
              "    }\n",
              "\n",
              "    .dataframe tbody tr th {\n",
              "        vertical-align: top;\n",
              "    }\n",
              "\n",
              "    .dataframe thead th {\n",
              "        text-align: right;\n",
              "    }\n",
              "</style>\n",
              "<table border=\"1\" class=\"dataframe\">\n",
              "  <thead>\n",
              "    <tr style=\"text-align: right;\">\n",
              "      <th></th>\n",
              "      <th>date</th>\n",
              "      <th>Coal_price</th>\n",
              "      <th>iron</th>\n",
              "      <th>Brent_fut</th>\n",
              "      <th>copper_fut</th>\n",
              "      <th>WTI_fut</th>\n",
              "      <th>WTI</th>\n",
              "      <th>LNG_fut</th>\n",
              "      <th>KPPI</th>\n",
              "      <th>ACPI</th>\n",
              "      <th>...</th>\n",
              "      <th>호주지수</th>\n",
              "      <th>캐나다지수</th>\n",
              "      <th>베트남GDP</th>\n",
              "      <th>인도GDP</th>\n",
              "      <th>한국GDP</th>\n",
              "      <th>일본GDP</th>\n",
              "      <th>중국GDP</th>\n",
              "      <th>미국GDP</th>\n",
              "      <th>EUGDP</th>\n",
              "      <th>세계GDP</th>\n",
              "    </tr>\n",
              "  </thead>\n",
              "  <tbody>\n",
              "    <tr>\n",
              "      <th>469</th>\n",
              "      <td>2011-01-02</td>\n",
              "      <td>136.35</td>\n",
              "      <td>173.50</td>\n",
              "      <td>93.33</td>\n",
              "      <td>9436.0</td>\n",
              "      <td>88.03</td>\n",
              "      <td>88.48</td>\n",
              "      <td>56.16</td>\n",
              "      <td>6.8</td>\n",
              "      <td>220.223</td>\n",
              "      <td>...</td>\n",
              "      <td>4745.200195</td>\n",
              "      <td>13443.200195</td>\n",
              "      <td>1.355394e+11</td>\n",
              "      <td>1.823050e+12</td>\n",
              "      <td>1.253223e+12</td>\n",
              "      <td>6.233147e+12</td>\n",
              "      <td>7.551500e+12</td>\n",
              "      <td>1.554258e+13</td>\n",
              "      <td>1.575949e+13</td>\n",
              "      <td>7.367146e+13</td>\n",
              "    </tr>\n",
              "    <tr>\n",
              "      <th>468</th>\n",
              "      <td>2011-01-09</td>\n",
              "      <td>136.00</td>\n",
              "      <td>179.50</td>\n",
              "      <td>98.68</td>\n",
              "      <td>9662.0</td>\n",
              "      <td>91.54</td>\n",
              "      <td>91.66</td>\n",
              "      <td>55.31</td>\n",
              "      <td>6.8</td>\n",
              "      <td>220.223</td>\n",
              "      <td>...</td>\n",
              "      <td>4705.000000</td>\n",
              "      <td>13272.299805</td>\n",
              "      <td>1.355394e+11</td>\n",
              "      <td>1.823050e+12</td>\n",
              "      <td>1.253223e+12</td>\n",
              "      <td>6.233147e+12</td>\n",
              "      <td>7.551500e+12</td>\n",
              "      <td>1.554258e+13</td>\n",
              "      <td>1.575949e+13</td>\n",
              "      <td>7.367146e+13</td>\n",
              "    </tr>\n",
              "    <tr>\n",
              "      <th>467</th>\n",
              "      <td>2011-01-16</td>\n",
              "      <td>131.90</td>\n",
              "      <td>178.00</td>\n",
